Kartoffeln;298;1.046979865;0.963087248;79.16;0.992799392;1.011748356;2.04;1.044117596;0.960784267;0.11;1.090908099;0.909090083;14.81;1.045239696;0.960837266;2.25;1.044444398;1.013333288;1;0.9999999;0.9999999;5;0.99999998;0.99999998;110;1.045454545;0.754545454;47;1.042553189;0.851063828;307;1.045602606;0.706840391;0;0;0;30;0.999999997;0.499999998;17;0.731764702;0.70823529;0;0;0;53;0.622641508;1.018867923;6;0.999999983;0.999999983;45;0.844444443;0.799999998;411;0.523114355;0.810218978;20;0.649999997;0.899999996;3;0.666666644;0.666666644;50;0.739999999;0.919999998;4.03;0.523573201;0.960297767;10;0.99999999;0.99999999;30;1.333333329;0.133333333;347;0.838616714;0.910662824;0;0;0;0.06;0.999998333;0.833331944
Teigwaren;1455;1;0.43024055;10;1;6.116999939;12.5;1;0.430399997;1.2;1;0.433333297;70.45;1;0.430518097;5.1;1;0.452941168;0;1;0;0;1;0;90;1;0.3;60;1;0.316666666;170;1;0.135294118;0;1;0;31;1;0.322580644;0;1;0;0;1;0;250;1;0.452;22;1;0.454545452;22;1;0.227272726;200;1;0.295;56;1;0.392857142;5;1;0.199999996;165;1;0.43030303;15;1;0.34;40;1;0.424999999;0.6;1;0.833333194;1500;1;0.453333333;0;1;0;0.55;1;0.436363557
Reis;466;1;1;72.12;1;1;2.42;1;1;0.22;1;1;24.52;1;1;0.51;1;1;0;1;1;0;1;1;12;1;1;9;1;1;33;1;1;0;1;1;8;1;1;0;1;1;0;1;1;70;1;1;2;1;1;11;1;1;41;1;1;25;1;1;2;1;1;45;1;1;2.37;1;1;20;1;1;0.8;1;1;187;1;1;0;1;1;0.08;1;1
Rindshackfleisch;846;1;1.102836879;65.15;0.999999998;0.896699922;19.65;0.999999995;1.405089051;13.63;0.999999993;0.896551718;0.46;0.999999783;1.478260548;0;0;0;17;0.999999994;1.176470581;0;0;0;198;0.999999999;0.525252525;228;1;1.122807017;158;0.999999999;0.670886076;40;0.1;0.1;2;0.99999995;0.99999995;0;0;0;0;0;0;398;1;1.04522613;6;0.999999983;0.999999983;50;0.999999998;1.199999998;310;1;0.748387097;19;0.999999995;0.842105259;60;0.999999998;0.666666666;168;0.999999999;0.970238095;19.2;1;1.419791667;53;0.999999998;1.415094337;0.3;0;0;3731;1;1.344947735;0.06;0.999998333;0.999998333;0.46;0.999999783;0.891304154
Rindsbraten;651;1;1.159754224;70.84;0.999999999;0.899491811;19.6;0.999999995;1.409183666;8.58;0.999999988;0.899766889;0;0;0;0;0;0;3;0.999999967;1.333333289;0;0;0;88;0.999999999;0.670454545;184;0.999999999;1.201086956;181;0.999999999;0.602209944;40;0.125;0.1;3;0.999999967;0.999999967;0;0;0;0;0;0;456;1;1.199561403;4;0.999999975;0.999999975;54;0.999999998;1.185185183;288;1;0.677083333;18;0.999999994;0.999999994;49;0.999999998;0.755102039;203;1;0.975369458;22.61;1;1.424148607;58;0.999999998;1.413793101;0.2;0;0;5076;1;1.199172577;0.06;0.999998333;0.999998333;0.36;0.999999722;0.888888642
Schweinskotelett;558;1;1.630824372;72.1;0.999999999;0.773092925;21.6;0.999999995;1.257407402;5.15;0.999999981;1.916504817;0;0;4.90E+07;0;0;3300000;9;0.999999989;1.777777758;0;0;4.90E+08;820;1;1.073170732;200;1;1.304999999;560;1;1.014285714;2;0.99999995;4.99999975;2;0.99999995;1.499999925;0;0;0;0;0;0;410;1;1.031707317;11;0.999999991;1.545454531;69;0.999999999;6.608695643;320;1;0.85625;60;0.999999998;1.049999998;65;0.999999998;4.9076923;150;0.999999999;1.126666666;18;1;1.286111111;50;0.999999998;1.299999997;1;0.9999999;9.999999;1390;1;1.20647482;0.06;0.999998333;1.166664722;0.53;0.999999811;2.113207148
Lachs;547;1;1.067641682;74.02;0.999999999;0.970953795;18.4;0.999999995;1.044021733;6.34;0.999999984;1.075709762;0;0;2300000;0;0;1800000;41;0.756097559;2.073170727;0;0;2.68E+09;170;0.752941176;0.870588235;170;0.999999999;0.764705882;818;1;0.756723716;20;0.149999999;0.999999995;26;0.769230766;0.807692305;0;0;3100000;0;1.60E+08;1.60E+08;2232;0.900089606;1.082885305;13;0.999999992;1.307692298;59;0.999999998;6.186440667;371;1;0.824797843;29;0.999999997;1.034482755;51;0.999999998;4.960784304;266;1;0.92481203;10;1;1.002;30;0.999999997;1.166666663;34;0.999999997;0.999999997;800;1;1.1075;0.04;0.9999975;0.9999975;1.64;0.999999939;1.079268227
Blattspinat;73;1.041095889;1.095890409;91.79;0.996840613;0.991175508;2.52;1.047619006;1.115079321;0.3;1.066666311;1.133332956;0.55;0.999999818;0.872727114;2.58;1.050387556;1.151162746;781;0.99743918;1.115236876;4687;0.996799659;1.114998933;110;0.836363636;0.618181818;230;0.94347826;0.743478261;220;0.840909091;0.804545454;0;0;0;78;0.73076923;0.615384615;52;0.734423076;0.557499999;0;0;0;1367;1.049012436;1.239209949;126;0.944444444;1.182539682;54;0.944444443;1.129629628;633;0.944707741;0.62085308;58;0.94827586;0.741379309;65;0.953846152;0.938461537;55;0.945454544;1.127272725;41;0.944390244;0.929268293;110;0.945454545;1.118181817;12;0.999999992;0.999999992;584;0.945205479;0.92979452;0;0;0;0.18;1.055554969;1.111110494
Broccoli;110;1.081818181;0.881818181;89.56;0.990509155;1.010160785;3.3;1.099999967;0.957575729;0.2;1.09999945;0.949999525;2.51;1.04382466;0.745019891;3;1.099999963;0.989999967;143;1.048951048;0.958041957;846;1.046099291;0.957446808;98;0.87755102;0.642857142;178;0.988764044;0.691011236;170;0.882352941;0.688235294;0;0;0;90;0.766666666;0.533333333;115;0.770347825;0.531652173;0;0;0;621;1.099838969;1.062801932;105;0.999999999;1.066666666;78;0.987179486;0.948717948;373;0.991957104;0.798927614;24;0.999999996;0.958333329;19;0.999999995;0.78947368;82;0.987804877;0.963414633;13;0.990769231;0.903846154;10;0.99999999;0.99999999;15;0.999999993;0.999999993;605;0.991735537;1.009917355;0;0;0;0.11;1.090908099;0.909090083
Fenchel;103;1.097087378;0.90291262;88.34;0.987208511;1.00667874;2.43;1.098765387;1.008230411;0.3;1.099999633;0.999999667;2.84;1.098591511;0.781690113;4.19;1.097852002;1.040572768;783;1.042145594;1.007662835;4700;1.04212766;1.006595745;230;0.986956521;0.560869565;110;1.099999999;0.672727272;100;0.989999999;0.729999999;0;0;0;100;0.989999999;0.559999999;93;0.767849462;0.503333333;0;0;0;6000;1.096833333;1.1185;109;1.10091743;1.064220183;27;1.111111107;0.999999996;494;1.097165992;0.558704453;49;1.102040814;0.653061223;86;1.093023255;0.848837208;51;1.098039214;0.999999998;27;1.097037037;0.838888889;40;1.099999997;0.999999998;5;9.9999998;9.9999998;250;1.096;0.84;0;0;0;0.16;1.124999297;1.062499336
Karotten;108;1.009259258;0.805555555;89.27;0.997311526;1.01545872;0.98;1.051020301;0.959183576;0.2;1.049999475;0.949999525;4.8;0.997916646;0.747916651;3.63;1.049586748;0.994490331;1574;0.997458704;0.855146124;7794;0.99730562;0.855144983;69;0.840579709;0.753623187;53;0.943396225;0.75471698;93;0.838709677;0.752688171;0;0;0;12;0.749999994;0.499999996;7;0.734285704;0.641428562;0;0;0;465;1.049462365;1.068817204;41;0.95121951;1.024390241;61;0.950819671;0.967213113;290;0.944827586;0.482758621;18;0.944444439;0.666666663;60;0.949999998;0.483333333;35;0.971428569;0.971428569;21;0.944761905;0.908571429;27;0.925925922;0.962962959;15;0.999999993;0.999999993;640;0.9453125;0.8015625;0;0;0;0.11;1.090908099;0.999999091
